ball_0.jpg 1 285 179 463 356
ball_1.jpg 1 285 200 407 322
ball_2.jpg 1 221 176 367 321
ball_3.jpg 1 158 83 260 186
ball_4.jpg 1 362 154 422 214
ball_5.jpg 1 297 185 384 271
ball_6.jpg 1 349 154 476 280
ball_7.jpg 1 230 235 300 305
ball_8.jpg 1 386 204 526 343
ball_9.jpg 1 258 270 366 379
ball_10.jpg 1 248 198 308 259
ball_11.jpg 1 299 188 358 247
ball_12.jpg 1 176 231 345 400
ball_13.jpg 1 271 147 336 212
ball_15.jpg 1 264 171 335 243
ball_16.jpg 1 317 256 391 330
ball_17.jpg 1 279 220 421 362
ball_18.jpg 1 272 153 407 289
ball_19.jpg 1 218 164 334 281
ball_20.jpg 1 277 187 392 302
ball_21.jpg 1 333 270 358 295
ball_22.jpg 1 158 176 254 272
ball_23.jpg 1 192 209 338 355
ball_24.jpg 1 277 214 329 266
ball_25.jpg 1 339 43 422 126
ball_26.jpg 1 263 251 409 398
ball_27.jpg 1 245 71 360 186
ball_28.jpg 1 289 103 492 306
ball_29.jpg 1 250 198 405 353
ball_30.jpg 1 325 264 358 298
ball_31.jpg 1 189 140 334 284
ball_32.jpg 1 184 137 321 274
ball_33.jpg 1 113 120 271 278
ball_34.jpg 1 260 116 454 309
ball_35.jpg 1 275 125 414 264
ball_36.jpg 1 182 299 377 480
ball_37.jpg 1 309 177 446 314
ball_38.jpg 1 377 312 455 389
ball_39.jpg 1 338 230 436 328
ball_40.jpg 1 298 109 413 224
ball_41.jpg 1 262 168 374 280
ball_42.jpg 1 336 172 468 304
ball_43.jpg 1 170 195 271 295
ball_44.jpg 1 244 198 276 230
ball_45.jpg 1 293 156 359 222
ball_46.jpg 1 315 235 388 308
ball_47.jpg 1 254 134 384 264
ball_48.jpg 1 276 231 313 268
ball_49.jpg 1 368 281 432 346
ball_50.jpg 1 238 222 353 337
ball_51.jpg 1 240 198 318 275
ball_52.jpg 1 231 228 353 350
ball_53.jpg 1 214 171 279 235
ball_54.jpg 1 235 74 337 176
ball_55.jpg 1 315 234 389 308
ball_56.jpg 1 294 158 455 319
ball_57.jpg 1 226 27 423 224
ball_58.jpg 1 220 180 334 295
ball_59.jpg 1 295 287 412 404
ball_60.jpg 1 270 305 332 368
ball_61.jpg 1 255 310 388 443
ball_62.jpg 1 398 120 452 174
ball_63.jpg 1 224 189 371 336
ball_64.jpg 1 284 226 414 357
ball_65.jpg 1 202 197 282 277
ball_66.jpg 1 315 176 381 242
ball_67.jpg 1 321 174 399 252
ball_68.jpg 1 265 222 299 257
ball_69.jpg 1 286 204 358 276
ball_70.jpg 1 208 156 307 255
ball_71.jpg 1 231 231 380 380
ball_72.jpg 1 208 209 364 366
ball_73.jpg 1 298 166 394 262
ball_74.jpg 1 290 225 373 308
ball_76.jpg 1 274 219 414 359
ball_77.jpg 1 300 161 427 288
ball_78.jpg 1 211 280 339 408
ball_79.jpg 1 286 148 402 265
ball_80.jpg 1 290 217 407 335
ball_81.jpg 1 485 95 585 195
ball_82.jpg 1 182 159 278 255
ball_83.jpg 1 386 296 460 371
ball_84.jpg 1 258 169 319 231
ball_85.jpg 1 304 154 444 294
ball_86.jpg 1 156 235 220 299
ball_87.jpg 1 286 240 312 266
ball_89.jpg 1 269 283 353 367
ball_90.jpg 1 201 311 323 434
ball_91.jpg 1 181 224 234 276
ball_92.jpg 1 284 212 333 261
ball_93.jpg 1 238 208 330 300
ball_94.jpg 1 274 186 405 317
ball_95.jpg 1 230 264 300 334
ball_96.jpg 1 332 141 433 242
ball_97.jpg 1 200 175 267 242
ball_98.jpg 1 287 299 323 335
ball_99.jpg 1 209 192 250 232
ball_100.jpg 1 329 287 348 307
ball_101.jpg 1 228 136 327 235
ball_102.jpg 1 279 221 368 310
ball_103.jpg 1 281 240 352 311
ball_104.jpg 1 272 385 315 427
ball_105.jpg 1 316 156 435 275
ball_106.jpg 1 356 123 509 275
ball_107.jpg 1 170 201 227 259
ball_108.jpg 1 283 274 353 344
ball_109.jpg 1 257 197 347 287
ball_110.jpg 1 463 266 509 312
ball_111.jpg 1 300 184 416 300
ball_112.jpg 1 243 223 353 333
ball_113.jpg 1 234 153 353 272
ball_114.jpg 1 274 324 364 415
ball_115.jpg 1 235 232 349 345
ball_116.jpg 1 163 151 353 341
ball_117.jpg 1 308 232 370 293
ball_118.jpg 1 204 128 296 220
ball_119.jpg 1 125 134 299 308
ball_120.jpg 1 313 203 394 284
ball_121.jpg 1 306 251 330 275
ball_122.jpg 1 271 125 337 191
ball_123.jpg 1 214 227 310 324
ball_124.jpg 1 285 186 403 304
ball_125.jpg 1 105 230 202 327
ball_126.jpg 1 278 178 415 315
ball_127.jpg 1 305 204 455 355
ball_128.jpg 1 279 231 328 279
ball_129.jpg 1 210 176 327 294
ball_130.jpg 1 304 239 350 286
ball_131.jpg 1 227 121 372 266
ball_132.jpg 1 249 220 316 287
ball_133.jpg 1 205 269 312 376
ball_134.jpg 1 276 196 365 284
ball_135.jpg 1 259 177 322 240
ball_136.jpg 1 259 235 349 324
ball_137.jpg 1 224 275 367 417
ball_138.jpg 1 219 170 328 279
ball_139.jpg 1 214 270 316 371
ball_140.jpg 1 175 206 205 237
ball_141.jpg 1 263 181 327 245
ball_142.jpg 1 272 110 347 185
ball_143.jpg 1 231 202 357 328
ball_144.jpg 1 288 234 338 283
ball_145.jpg 1 349 160 407 219
ball_146.jpg 1 279 319 303 343
ball_147.jpg 1 274 191 386 303
ball_148.jpg 1 234 160 397 323
ball_150.jpg 1 267 228 364 325
ball_152.jpg 1 314 89 442 217
ball_153.jpg 1 195 100 280 185
ball_154.jpg 1 342 169 468 296
ball_155.jpg 1 266 163 384 282
ball_156.jpg 1 215 132 333 251
ball_157.jpg 1 357 206 481 330
ball_158.jpg 1 275 160 418 303
ball_159.jpg 1 282 215 357 290
ball_160.jpg 1 131 190 316 374
ball_161.jpg 1 275 240 335 300
ball_162.jpg 1 257 206 318 267
ball_163.jpg 1 236 222 351 337
ball_164.jpg 1 262 186 386 310
ball_165.jpg 1 205 120 352 267
ball_166.jpg 1 307 269 473 435
ball_167.jpg 1 230 220 262 252
ball_168.jpg 1 150 189 183 222
ball_169.jpg 1 279 316 358 395
ball_170.jpg 1 216 198 350 332
ball_171.jpg 1 240 256 339 356
ball_172.jpg 1 265 164 452 352
ball_174.jpg 1 265 157 407 300
ball_175.jpg 1 251 157 360 266
ball_176.jpg 1 92 180 261 349
ball_177.jpg 1 217 26 336 145
ball_178.jpg 1 119 99 271 251
ball_179.jpg 1 248 275 269 296
ball_180.jpg 1 185 130 419 364
ball_181.jpg 1 101 33 546 478
ball_184.jpg 1 209 292 255 337
ball_185.jpg 1 202 58 552 408
ball_186.jpg 1 305 169 444 308
ball_187.jpg 1 495 144 559 208
ball_189.jpg 1 69 77 424 432
ball_190.jpg 1 52 380 100 427
ball_191.jpg 1 477 188 512 223
ball_192.jpg 1 565 91 597 123
ball_194.jpg 1 165 167 191 193
ball_195.jpg 1 396 184 408 196
ball_196.jpg 1 547 268 567 288
ball_197.jpg 1 296 226 354 284
ball_198.jpg 1 235 145 491 400
ball_199.jpg 1 121 63 497 438
ball_201.jpg 1 76 345 89 359
ball_203.jpg 1 367 85 557 274
ball_204.jpg 1 564 301 588 325
ball_205.jpg 1 238 278 284 324
ball_206.jpg 1 70 69 93 93
ball_207.jpg 1 470 257 487 274
ball_208.jpg 1 65 248 205 388
ball_209.jpg 1 109 35 130 56
ball_210.jpg 1 55 16 532 480
ball_211.jpg 1 253 410 279 435
ball_212.jpg 1 549 171 619 241
ball_213.jpg 1 350 89 364 103
ball_215.jpg 1 334 201 369 235
ball_216.jpg 1 236 110 398 272
ball_217.jpg 1 340 167 563 389
ball_218.jpg 1 164 32 193 61
ball_219.jpg 1 149 90 480 422
ball_222.jpg 1 228 436 267 476
ball_223.jpg 1 234 21 262 49
ball_224.jpg 1 54 205 72 223
ball_225.jpg 1 127 49 502 424
ball_226.jpg 1 199 213 452 466
ball_227.jpg 1 357 25 367 35
ball_230.jpg 1 163 303 180 321
ball_231.jpg 1 386 135 405 155
ball_233.jpg 1 148 146 379 377
ball_234.jpg 1 210 175 280 245
ball_235.jpg 1 286 99 597 409
ball_236.jpg 1 123 89 202 169
ball_237.jpg 1 348 335 367 353
ball_238.jpg 1 398 215 430 247
ball_239.jpg 1 360 41 398 79
ball_240.jpg 1 147 168 166 188
ball_241.jpg 1 40 105 73 138
ball_242.jpg 1 157 293 272 408
ball_243.jpg 1 556 408 609 462
ball_244.jpg 1 353 398 394 439
ball_245.jpg 1 103 296 138 331
ball_246.jpg 1 155 106 383 333
ball_247.jpg 1 66 150 221 306
ball_248.jpg 1 89 1 537 448
ball_249.jpg 1 404 199 615 410
ball_251.jpg 1 462 206 481 224
ball_252.jpg 1 263 364 282 383
ball_253.jpg 1 355 112 593 349
ball_255.jpg 1 292 194 357 259
ball_256.jpg 1 177 67 575 464
ball_257.jpg 1 280 344 375 439
ball_258.jpg 1 22 420 67 465
ball_259.jpg 1 118 85 130 97
ball_260.jpg 1 109 205 237 332
ball_261.jpg 1 536 279 556 298
ball_262.jpg 1 581 242 610 271
ball_263.jpg 1 44 44 110 110
ball_264.jpg 1 145 288 164 307
ball_265.jpg 1 38 151 336 450
ball_266.jpg 1 431 302 527 398
ball_267.jpg 1 159 234 231 306
ball_268.jpg 1 533 279 570 316
ball_269.jpg 1 92 199 280 387
ball_270.jpg 1 226 105 430 308
ball_271.jpg 1 187 18 603 434
ball_272.jpg 1 307 386 365 443
ball_273.jpg 1 27 274 59 306
ball_274.jpg 1 80 241 117 278
ball_275.jpg 1 291 207 315 232
ball_276.jpg 1 485 222 548 285
ball_277.jpg 1 221 95 603 477
ball_279.jpg 1 326 177 402 252
ball_280.jpg 1 300 228 424 352
ball_281.jpg 1 376 139 460 222
ball_282.jpg 1 396 331 439 374
ball_283.jpg 1 273 127 501 356
ball_284.jpg 1 387 200 414 227
ball_285.jpg 1 260 271 294 305
ball_286.jpg 1 286 46 325 86
ball_287.jpg 1 204 95 215 106
ball_288.jpg 1 531 242 565 277
ball_289.jpg 1 231 125 246 140
ball_290.jpg 1 289 279 445 436
ball_292.jpg 1 287 328 335 376
ball_293.jpg 1 225 157 390 322
ball_294.jpg 1 261 47 584 370
ball_295.jpg 1 100 206 118 225
ball_297.jpg 1 455 274 472 290
ball_298.jpg 1 394 391 412 409
ball_299.jpg 1 114 33 549 468
ball_300.jpg 1 173 403 199 429
ball_301.jpg 1 283 158 329 204
ball_302.jpg 1 418 65 472 119
ball_303.jpg 1 102 245 247 391
ball_306.jpg 1 172 57 511 396
ball_307.jpg 1 545 115 557 128
ball_308.jpg 1 375 399 407 431
ball_310.jpg 1 311 352 335 376
ball_311.jpg 1 417 192 448 224
ball_312.jpg 1 154 62 171 79
ball_313.jpg 1 102 372 144 415
ball_314.jpg 1 476 29 494 48
ball_315.jpg 1 559 276 575 291
ball_316.jpg 1 197 93 461 357
ball_317.jpg 1 289 191 342 243
ball_318.jpg 1 154 229 187 263
ball_319.jpg 1 213 392 249 429
ball_320.jpg 1 430 26 448 43
ball_321.jpg 1 105 74 370 339
ball_322.jpg 1 51 22 418 389
ball_323.jpg 1 48 0 505 448
ball_324.jpg 1 369 199 396 226
ball_325.jpg 1 345 219 484 359
ball_326.jpg 1 85 245 131 291
ball_327.jpg 1 75 245 90 260
ball_328.jpg 1 434 335 495 397
ball_329.jpg 1 153 264 169 279
ball_330.jpg 1 47 52 81 87
ball_331.jpg 1 155 222 188 254
ball_332.jpg 1 327 89 371 133
ball_333.jpg 1 342 157 364 179
ball_334.jpg 1 325 411 374 460
ball_335.jpg 1 362 358 478 474
ball_336.jpg 1 292 206 324 238
ball_337.jpg 1 527 411 556 441
ball_338.jpg 1 280 416 343 479
ball_339.jpg 1 385 289 400 303
ball_340.jpg 1 123 168 188 232
ball_341.jpg 1 534 205 552 222
ball_342.jpg 1 492 172 523 203
ball_343.jpg 1 475 97 512 134
ball_344.jpg 1 403 286 433 316
ball_345.jpg 1 174 86 457 368
ball_346.jpg 1 78 192 129 244
ball_347.jpg 1 146 41 486 381
ball_348.jpg 1 449 205 480 236
ball_349.jpg 1 147 283 170 305
ball_350.jpg 1 347 236 565 455
ball_351.jpg 1 214 345 269 400
ball_352.jpg 1 65 209 88 233
ball_353.jpg 1 385 64 439 119
ball_355.jpg 1 168 76 221 128
ball_356.jpg 1 251 178 414 340
ball_357.jpg 1 125 182 171 228
ball_358.jpg 1 163 381 199 416
ball_360.jpg 1 82 363 142 422
ball_361.jpg 1 457 190 475 208
ball_362.jpg 1 164 97 469 402
ball_363.jpg 1 114 98 293 277
ball_364.jpg 1 282 250 305 273
ball_365.jpg 1 430 290 495 355
ball_367.jpg 1 127 186 143 203
ball_368.jpg 1 340 17 366 43
ball_369.jpg 1 106 26 533 454
ball_370.jpg 1 20 0 497 475
ball_371.jpg 1 86 152 168 234
ball_372.jpg 1 56 290 94 328
ball_373.jpg 1 330 266 388 324
ball_374.jpg 1 131 55 504 428
ball_375.jpg 1 386 161 544 319
ball_376.jpg 1 287 200 419 332
ball_377.jpg 1 182 382 216 416
ball_378.jpg 1 134 100 180 145
ball_379.jpg 1 139 82 451 394
ball_380.jpg 1 116 255 164 303
ball_381.jpg 1 382 301 463 382
ball_382.jpg 1 14 62 38 86
ball_383.jpg 1 365 61 382 78
ball_384.jpg 1 125 165 220 259
ball_385.jpg 1 375 73 557 255
ball_386.jpg 1 110 153 379 421
ball_387.jpg 1 222 52 539 369
ball_388.jpg 1 92 153 162 223
ball_389.jpg 1 255 157 419 321
ball_391.jpg 1 162 62 447 347
ball_392.jpg 1 162 45 560 442
ball_393.jpg 1 161 83 481 403
ball_394.jpg 1 530 340 547 358
ball_395.jpg 1 91 40 494 443
ball_396.jpg 1 82 20 511 449
ball_397.jpg 1 313 389 350 426
ball_398.jpg 1 133 199 248 314
ball_399.jpg 1 371 212 468 309
ball_400.jpg 1 114 134 366 387
ball_402.jpg 1 74 29 445 399
ball_404.jpg 1 403 118 438 154
ball_405.jpg 1 17 51 367 402
ball_406.jpg 1 47 51 173 177
ball_407.jpg 1 82 269 134 322
ball_408.jpg 1 117 164 131 179
ball_409.jpg 1 470 30 486 47
ball_411.jpg 1 259 108 583 432
ball_412.jpg 1 226 145 404 324
ball_413.jpg 1 76 368 137 428
ball_414.jpg 1 164 158 472 467
ball_416.jpg 1 437 236 482 280
ball_418.jpg 1 193 207 454 467
ball_419.jpg 1 314 201 531 418
ball_421.jpg 1 312 293 467 448
ball_422.jpg 1 61 327 112 378
ball_424.jpg 1 107 248 126 266
ball_425.jpg 1 131 17 508 393
ball_427.jpg 1 185 85 249 148
ball_428.jpg 1 96 157 142 203
ball_429.jpg 1 230 177 336 283
ball_430.jpg 1 95 136 123 164
ball_431.jpg 1 269 2 337 70
ball_432.jpg 1 189 87 445 344
ball_433.jpg 1 53 105 93 145
ball_434.jpg 1 480 362 508 391
ball_435.jpg 1 408 185 578 356
ball_436.jpg 1 205 104 225 124
ball_437.jpg 1 385 146 499 260
ball_438.jpg 1 170 196 206 232
ball_439.jpg 1 286 77 317 109
ball_441.jpg 1 292 214 474 395
ball_442.jpg 1 54 58 581 436
ball_444.jpg 1 491 342 551 401
ball_445.jpg 1 141 230 197 287
ball_446.jpg 1 507 425 537 455
ball_447.jpg 1 176 319 206 349
ball_448.jpg 1 101 15 498 413
ball_449.jpg 1 418 275 460 317
ball_450.jpg 1 346 316 360 329
ball_451.jpg 1 53 190 95 233
ball_452.jpg 1 91 213 125 248
ball_453.jpg 1 210 43 609 442
ball_454.jpg 1 162 158 464 459
ball_455.jpg 1 67 217 102 252
ball_456.jpg 1 263 273 292 303
ball_458.jpg 1 189 380 239 431
ball_459.jpg 1 49 73 364 388
ball_460.jpg 1 450 281 481 312
ball_461.jpg 1 575 281 602 308
ball_462.jpg 1 195 125 451 381
ball_463.jpg 1 354 258 372 276
ball_464.jpg 1 116 262 153 299
ball_465.jpg 1 142 45 497 400
ball_466.jpg 1 550 25 602 77
ball_467.jpg 1 523 213 551 241
ball_468.jpg 1 273 127 574 428
ball_469.jpg 1 476 285 505 313
ball_470.jpg 1 228 168 426 365
ball_471.jpg 1 123 30 536 443
ball_472.jpg 1 145 123 482 461
ball_473.jpg 1 257 118 291 152
ball_475.jpg 1 318 91 452 224
ball_476.jpg 1 116 16 566 466
ball_477.jpg 1 235 144 481 390
ball_478.jpg 1 344 132 403 191
ball_479.jpg 1 176 402 198 424
ball_480.jpg 1 98 10 545 457
ball_481.jpg 1 144 110 333 298
ball_482.jpg 1 151 233 190 273
ball_483.jpg 1 316 63 629 375
ball_484.jpg 1 192 209 449 466
ball_485.jpg 1 550 204 570 224
ball_486.jpg 1 97 340 134 377
ball_487.jpg 1 172 84 466 378
ball_488.jpg 1 97 12 536 452
ball_489.jpg 1 88 59 556 407
ball_490.jpg 1 150 284 185 319
ball_491.jpg 1 90 7 548 465
ball_492.jpg 1 307 174 449 315
ball_493.jpg 1 239 73 278 112
ball_494.jpg 1 105 23 148 66
ball_495.jpg 1 0 0 640 480
ball_496.jpg 1 117 99 253 236
ball_497.jpg 1 236 300 288 352
ball_498.jpg 1 43 86 90 133
ball_499.jpg 1 202 116 471 385
ball_500.jpg 1 349 161 563 375
ball_501.jpg 1 499 376 542 419
ball_502.jpg 1 0 0 640 480
ball_503.jpg 1 387 266 438 317
ball_504.jpg 1 294 169 432 306
ball_505.jpg 1 99 340 145 387
ball_507.jpg 1 227 129 365 267
ball_508.jpg 1 431 81 579 229
ball_509.jpg 1 50 102 430 480
ball_510.jpg 1 472 312 489 329
ball_511.jpg 1 114 296 132 314
ball_513.jpg 1 160 267 187 293
ball_514.jpg 1 23 58 403 438
ball_515.jpg 1 407 30 600 223
ball_516.jpg 1 126 18 525 418
ball_517.jpg 1 581 156 601 177
ball_518.jpg 1 199 345 232 377
ball_519.jpg 1 122 208 179 265
ball_520.jpg 1 438 403 475 441
ball_521.jpg 1 557 73 598 115
ball_522.jpg 1 0 0 640 480
ball_523.jpg 1 466 290 487 311
ball_524.jpg 1 459 313 491 346
ball_525.jpg 1 63 297 82 316
ball_526.jpg 1 181 261 244 324
ball_527.jpg 1 359 133 427 200
ball_528.jpg 1 488 347 550 409
ball_529.jpg 1 431 128 451 147
ball_531.jpg 1 474 269 524 319
ball_532.jpg 1 0 0 640 480
ball_533.jpg 1 147 59 176 88
ball_534.jpg 1 245 212 380 347
ball_536.jpg 1 41 13 584 422
ball_537.jpg 1 333 217 379 263
ball_538.jpg 1 168 99 444 375
ball_539.jpg 1 303 144 515 356
ball_540.jpg 1 181 236 222 277
ball_542.jpg 1 505 54 523 72
ball_543.jpg 1 328 333 440 446
ball_544.jpg 1 60 181 95 217
ball_545.jpg 1 225 129 442 346
ball_546.jpg 1 229 307 311 389
ball_547.jpg 1 300 190 342 232
ball_548.jpg 1 69 49 584 439
ball_549.jpg 1 84 268 137 321
ball_550.jpg 1 392 209 413 230
ball_551.jpg 1 162 70 507 414
ball_552.jpg 1 240 391 281 432
ball_553.jpg 1 0 0 640 480
ball_554.jpg 1 234 2 474 242
ball_555.jpg 1 176 308 208 340
ball_556.jpg 1 191 201 209 219
ball_557.jpg 1 500 2 533 35
ball_558.jpg 1 109 12 606 375
ball_559.jpg 1 259 49 278 68
ball_560.jpg 1 481 6 519 44
ball_562.jpg 1 472 377 514 419
ball_563.jpg 1 171 176 216 221
ball_564.jpg 1 154 200 185 231
ball_565.jpg 1 248 368 285 405
ball_566.jpg 1 64 193 106 235
ball_567.jpg 1 141 429 186 473
ball_569.jpg 1 86 78 376 369
ball_570.jpg 1 192 323 313 443
ball_571.jpg 1 190 216 209 234
ball_572.jpg 1 545 197 596 248
ball_573.jpg 1 408 270 500 363
ball_574.jpg 1 453 303 539 389
ball_575.jpg 1 177 244 226 293
ball_576.jpg 1 283 392 317 426
ball_577.jpg 1 214 334 274 395
ball_578.jpg 1 140 211 294 366
ball_579.jpg 1 538 211 569 243
ball_580.jpg 1 234 9 551 326
ball_581.jpg 1 0 0 640 480
ball_582.jpg 1 195 206 255 266
ball_583.jpg 1 0 0 640 480
ball_584.jpg 1 142 293 187 339
ball_585.jpg 1 48 203 76 231
ball_586.jpg 1 294 174 347 227
ball_587.jpg 1 392 228 423 259
ball_588.jpg 1 487 184 507 203
ball_589.jpg 1 401 141 427 166
ball_590.jpg 1 305 221 347 263
ball_591.jpg 1 395 134 411 150
ball_592.jpg 1 92 24 526 457
ball_593.jpg 1 263 136 359 231
ball_594.jpg 1 324 235 355 265
ball_595.jpg 1 272 48 322 99
ball_596.jpg 1 182 362 226 405
ball_597.jpg 1 557 234 587 265
ball_599.jpg 1 217 138 421 341
ball_600.jpg 1 423 312 453 341
ball_601.jpg 1 182 283 337 439
ball_602.jpg 1 468 296 493 321
ball_603.jpg 1 388 286 411 310
ball_604.jpg 1 153 185 277 310
ball_605.jpg 1 220 119 408 306
ball_606.jpg 1 232 141 480 389
ball_608.jpg 1 57 175 111 229
ball_609.jpg 1 132 55 513 435
ball_611.jpg 1 107 40 512 444
ball_612.jpg 1 138 231 156 249
ball_614.jpg 1 450 274 502 326
ball_615.jpg 1 62 34 576 429
ball_616.jpg 1 525 248 579 302
ball_617.jpg 1 17 111 32 126
ball_618.jpg 1 0 0 640 480
ball_619.jpg 1 39 320 113 393
ball_621.jpg 1 0 0 640 480
ball_622.jpg 1 183 264 285 366
ball_623.jpg 1 485 241 502 259
ball_624.jpg 1 263 142 422 300
ball_625.jpg 1 349 49 631 331
ball_626.jpg 1 260 34 417 191
ball_627.jpg 1 143 27 178 62
ball_628.jpg 1 133 85 456 408
ball_629.jpg 1 197 368 274 445
ball_630.jpg 1 301 222 426 346
ball_631.jpg 1 564 320 588 344
ball_632.jpg 1 297 200 451 353
ball_633.jpg 1 476 322 503 348
ball_634.jpg 1 0 0 640 480
ball_635.jpg 1 523 382 569 428
ball_636.jpg 1 251 234 266 249
ball_637.jpg 1 62 303 93 334
ball_638.jpg 1 465 197 518 251
ball_639.jpg 1 205 87 456 338
ball_640.jpg 1 406 131 427 152
ball_641.jpg 1 0 351 36 405
ball_642.jpg 1 493 389 539 435
ball_643.jpg 1 218 125 243 150
ball_644.jpg 1 321 82 342 103
ball_645.jpg 1 349 165 437 253
ball_646.jpg 1 278 314 297 332
ball_648.jpg 1 286 347 336 397
ball_649.jpg 1 178 284 222 328
ball_650.jpg 1 264 323 355 414
ball_651.jpg 1 52 40 584 434
ball_652.jpg 1 110 380 140 409
ball_653.jpg 1 265 258 356 349
ball_654.jpg 1 512 116 568 172
ball_655.jpg 1 309 96 324 111
ball_656.jpg 1 201 280 221 299
ball_657.jpg 1 285 93 300 108
ball_658.jpg 1 234 161 252 179
ball_659.jpg 1 162 435 209 480
ball_660.jpg 1 189 253 243 308
ball_661.jpg 1 218 121 441 344
ball_662.jpg 1 343 38 382 77
ball_663.jpg 1 382 350 533 501
ball_664.jpg 1 137 390 176 429
ball_665.jpg 1 223 311 394 480
ball_666.jpg 1 129 55 487 413
ball_667.jpg 1 122 155 164 198
ball_668.jpg 1 475 262 493 280
ball_669.jpg 1 99 337 133 371
ball_670.jpg 1 114 296 129 311
ball_671.jpg 1 399 125 433 159
ball_672.jpg 1 49 86 363 401
ball_673.jpg 1 143 68 477 403
ball_674.jpg 1 116 166 300 350
ball_675.jpg 1 388 299 423 335
ball_676.jpg 1 307 416 342 452
ball_677.jpg 1 71 46 572 435
ball_679.jpg 1 408 266 431 289
ball_680.jpg 1 415 184 500 268
ball_681.jpg 1 307 168 356 217
ball_682.jpg 1 436 308 522 393
ball_683.jpg 1 81 216 101 236
ball_684.jpg 1 197 207 460 470
ball_685.jpg 1 176 123 401 348
ball_686.jpg 1 153 57 475 379
ball_687.jpg 1 230 323 253 346
ball_688.jpg 1 459 115 475 131
ball_689.jpg 1 237 115 413 290
ball_691.jpg 1 0 0 640 480
ball_692.jpg 1 307 329 448 470
ball_693.jpg 1 69 57 556 387
ball_694.jpg 1 173 260 281 367
ball_695.jpg 1 447 213 494 261
ball_696.jpg 1 148 223 188 263
ball_697.jpg 1 249 229 390 370
ball_698.jpg 1 103 221 273 392
ball_699.jpg 1 70 360 110 400
ball_700.jpg 1 121 242 253 374
ball_701.jpg 1 30 27 588 445
ball_702.jpg 1 387 239 463 315
ball_703.jpg 1 486 280 535 330
ball_704.jpg 1 40 187 126 273
ball_705.jpg 1 346 153 568 375
ball_706.jpg 1 480 243 522 285
ball_707.jpg 1 414 194 441 221
ball_708.jpg 1 23 213 221 412
ball_709.jpg 1 470 259 485 273
ball_710.jpg 1 0 0 640 480
ball_711.jpg 1 112 162 298 348
ball_712.jpg 1 286 308 312 334
ball_713.jpg 1 379 225 495 341
ball_714.jpg 1 69 71 319 320
ball_715.jpg 1 473 255 487 268
ball_716.jpg 1 93 77 547 375
ball_717.jpg 1 169 56 331 218
ball_718.jpg 1 55 86 82 113
ball_719.jpg 1 269 110 287 128
ball_720.jpg 1 220 140 423 343
ball_721.jpg 1 422 121 454 154
ball_722.jpg 1 220 299 237 316
ball_723.jpg 1 47 63 592 398
ball_724.jpg 1 251 179 312 239
ball_725.jpg 1 226 171 391 337
ball_726.jpg 1 194 147 467 420
ball_727.jpg 1 82 189 246 354
ball_728.jpg 1 0 0 640 480
ball_729.jpg 1 452 177 481 206
ball_730.jpg 1 116 142 138 164
ball_731.jpg 1 100 37 523 460
ball_734.jpg 1 37 22 598 456
ball_735.jpg 1 113 278 163 328
ball_736.jpg 1 0 0 640 480
ball_738.jpg 1 180 104 194 118
ball_739.jpg 1 281 141 437 296
ball_740.jpg 1 340 144 413 217
ball_741.jpg 1 55 38 580 449
ball_742.jpg 1 524 149 546 171
ball_743.jpg 1 317 171 443 296
ball_744.jpg 1 407 8 418 20
ball_745.jpg 1 44 39 595 449
ball_746.jpg 1 479 390 517 429
ball_747.jpg 1 565 254 595 284
ball_748.jpg 1 139 47 490 398
ball_749.jpg 1 264 198 371 305
ball_750.jpg 1 424 325 499 399
ball_752.jpg 1 162 284 180 301
ball_753.jpg 1 0 0 640 480
ball_754.jpg 1 292 293 341 341
ball_755.jpg 1 479 257 505 283
ball_756.jpg 1 47 0 357 306
ball_757.jpg 1 313 422 357 465
ball_758.jpg 1 89 74 379 364
ball_759.jpg 1 206 98 428 320
ball_760.jpg 1 191 335 323 467
ball_761.jpg 1 131 18 508 395
ball_762.jpg 1 151 142 179 170
ball_763.jpg 1 0 0 640 480
ball_764.jpg 1 275 249 323 297
ball_765.jpg 1 136 208 165 238
ball_766.jpg 1 6 239 25 257
ball_767.jpg 1 410 356 447 393
ball_768.jpg 1 109 15 529 436
ball_769.jpg 1 259 371 280 392
ball_770.jpg 1 86 158 367 439
ball_771.jpg 1 98 23 540 465
ball_772.jpg 1 72 171 196 296
ball_773.jpg 1 116 15 515 414
ball_774.jpg 1 23 19 614 461
ball_775.jpg 1 545 122 583 160
ball_776.jpg 1 125 233 151 258
ball_779.jpg 1 114 31 131 47
ball_780.jpg 1 420 285 603 469
ball_781.jpg 1 479 92 521 133
ball_782.jpg 1 383 178 449 244
ball_783.jpg 1 137 153 373 390
ball_784.jpg 1 456 312 485 342
ball_785.jpg 1 203 336 246 379
ball_786.jpg 1 64 251 83 270
ball_787.jpg 1 225 143 238 156
ball_788.jpg 1 89 15 117 43
